#En-min	En-max (keV)	xs (mb)	Xs-err (mb)
20	24	309	30
24	28	240	20
28	32	200	15
32	36	181	13
36	40	172	12
40	44	146	10
44	48	126	8
48	52	126	8
52	56	118	7
56	60	107	7
60	64	98.1	6
64	68	93.1	5
68	72	89.9	5
72	76	89.4	5
76	80	87.7	5
80	84	80	4
84	88	71.8	4
88	92	70.6	4
92	96	67.6	4
96	100	64.5	4
100	110	65.4	4
110	120	64.4	4
120	130	54.9	3
130	140	52.8	3
140	150	53.8	3
150	160	48.6	3
160	170	51.7	3
170	180	51.6	3
180	190	49.5	3
190	200	49.6	3
200	210	50.5	3
210	220	51.6	3
220	230	51	3
230	240	50	3
240	250	51	3
250	260	53.1	4
260	270	52	3
270	280	51	3
280	290	47.9	9
290	300	50.9	3
300	320	47.9	3
320	340	47.8	3
340	360	42.3	3
360	380	41.8	3
380	400	43.8	3
400	420	42.8	3
420	440	45.2	3
440	460	41.9	3

