#EN-MIN     EN-MAX     DATA       ERR-T                            40960008   12
#KEV        KEV        MB         MB                               40960008   13
  20.      24.         309.      30.         #                     40960008   14
  24.      28.         240.      20.          #                    40960008   15
  28.      32.         200.      15.                              #40960008   16
  32.      36.         181.      13.                             # 40960008   17
  36.      40.         172.      12.                            #  40960008   18
  40.      44.         146.      10.                           #   40960008   19
  44.      48.         126.       8.                          #    40960008   20
  48.      52.         126.       8.                         #     40960008   21
  52.      56.         118.       7.                        #      40960008   22
  56.      60.         107.       7.                       #       40960008   23
  60.      64.          98.1      6.                      #        40960008   24
  64.      68.          93.1      5.                     #         40960008   25
  68.      72.          89.9      5.                    #          40960008   26
  72.      76.          89.4      5.                   #           40960008   27
  76.      80.          87.7      5.                  #            40960008   28
  80.      84.          80.0      4.                 #             40960008   29
  84.      88.          71.8      4.                              #40960008   30
  88.      92.          70.6      4.                              #40960008   31
  92.      96.          67.6      4.                              #40960008   32
  96.      100.          64.5      4.                             #40960008   33
 100.      110.          65.4      4.                             #4#0960008   34
 110.      120.          64.4      4.                             #40960008   35
 120.      130.          54.9      3.                             #40960008   36
 130.      140.          52.8      3.                             #40960008   37
 140.      150.          53.8      3.                             #40960008   38
 150.      160.          48.6      3.                             #40960008   39
 160.      170.          51.7      3.                             #40960008   40
 170.      180.          51.6      3.                             #40960008   41
 180.      190.          49.5      3.                             #40960008   42
 190.      200.          49.6      3.                             #40960008   43
 200.      210.          50.5      3.                             #40960008   44
 210.      220.          51.6      3.                             #40960008   45
 220.      230.          51.0      3.                             #40960008   46
 230.      240.          50.0      3.                             #40960008   47
 240.      250.          51.0      3.                             #40960008   48
 250.      260.          53.1      4.                             #40960008   49
 260.      270.          52.0      3.                             #40960008   50
 270.      280.          51.0      3.                             #40960008   51
 280.      290.          47.9      9.                             #40960008   52
 290.      300.          50.9      3.                             #40960008   53
 300.      320.          47.9      3.                            # 40960008   54
 320.      340.          47.8      3.                           #  40960008   55
 340.      360.          42.3      3.                          #   40960008   56
 360.      380.          41.8      3.                         #    40960008   57
 380.      400.          43.8      3.                        #     40960008   58
 400.      420.          42.8      3.                       #      40960008   59
 420.      440.          45.2      3.                      #       40960008   60
 440.      460.          41.9      3.                      
